31 01 000000003197585,7596
31 10 000000000741016,8231
31 11 000000002735880,9362
31 12 000000012712548,4168
31 13 000000002559214,3729
31 14 000000002298527,8876
31 15 000000000739236,9982
31 16 000000009270666,4659
31 17 000000008782082,2510
31 18 000000002841505,5053
31 19 000000009808504,7146
31 02 000000002432653,9368
31 20 000000003338688,4158
31 03 000000003209861,7987
31 04 000000004250100,7797
31 05 000000014569036,2162
31 06 000000014715974,8280
31 07 000000011408922,0674
31 08 000000009815737,8739
31 09 000000007384579,4141
55 01 000000004370029,7705
55 10 000000000798399,4777
55 11 000000007114786,0548
55 12 000000019539628,1689
55 13 000000004606216,2891
55 14 000000001234856,5866
55 15 000000000715704,9140
55 16 000000011827440,4723
55 17 000000009513720,7346
55 18 000000005316974,6687
55 19 000000016337832,6066
55 02 000000004326278,9972
55 20 000000002604234,5612
55 03 000000004374843,9752
55 04 000000004270018,5144
55 05 000000024079296,6616
55 06 000000021673853,5200
55 07 000000012447757,0255
55 08 000000006130893,2846
55 09 000000012381127,1332
80 01 000000002295417,3999
80 10 000000001145289,6535
80 11 000000010444219,6618
80 12 000000016258831,4842
80 13 000000004658303,6432
80 14 000000001510986,8021
80 15 000000001207156,5135
80 16 000000004189497,0655
80 17 000000008544290,0432
80 18 000000003918095,3827
80 19 000000021323728,3890
80 02 000000004920770,7443
80 20 000000002620436,0834
80 03 000000003485744,6288
80 04 000000004272080,0792
80 05 000000025849394,4843
80 06 000000016534836,4787
80 07 000000005835329,9066
80 08 000000012065472,8830
80 09 000000007803573,3402
86 01 000000000928338,6643
86 10 000000001085734,0652
86 11 000000012563180,5983
86 12 000000015915296,8709
86 13 000000003242757,1903
86 14 000000001950195,1311
86 15 000000000819311,0644
86 16 000000017165068,8802
86 17 000000012171529,7679
86 18 000000002287803,9651
86 19 000000016093603,4407
86 02 000000003151064,1257
86 20 000000002790729,6343
86 03 000000002159936,6493
86 04 000000004260436,3308
86 05 000000010130107,0629
86 06 000000026226270,7576
86 07 000000011810449,4949
86 08 000000017007022,6858
86 09 000000009828633,1161